
potential (threat_event_frequency | Vulnerability Probabiltiy_of_action Contact_Frequency)
{
 data = (((( 1.0 0.0 0.0 0.0 0.0 )
( 0.0 1.0 0.0 0.0 0.0 )
( 0.0 0.0 1.0 0.0 0.0 ))
(( 0.0 1.0 0.0 0.0 0.0 )
( 0.0 0.0 1.0 0.0 0.0 )
( 0.0 0.0 0.0 1.0 0.0 ))
(( 0.0 0.0 1.0 0.0 0.0 )
( 0.0 0.0 0.0 1.0 0.0 )
( 0.0 0.0 0.0 0.0 1.0 )))
((( 1.0 0.0 0.0 0.0 0.0 )
( 0.0 1.0 0.0 0.0 0.0 )
( 0.0 0.0 1.0 0.0 0.0 ))
(( 0.0 1.0 0.0 0.0 0.0 )
( 0.0 0.0 1.0 0.0 0.0 )
( 0.0 0.0 0.0 1.0 0.0 ))
(( 0.0 0.0 1.0 0.0 0.0 )
( 0.0 0.0 0.0 1.0 0.0 )
( 0.0 0.0 0.0 0.0 1.0 )))
((( 1.0 0.0 0.0 0.0 0.0 )
( 0.0 1.0 0.0 0.0 0.0 )
( 0.0 0.0 1.0 0.0 0.0 ))
(( 0.0 1.0 0.0 0.0 0.0 )
( 0.0 0.0 1.0 0.0 0.0 )
( 0.0 0.0 0.0 1.0 0.0 ))
(( 0.0 0.0 1.0 0.0 0.0 )
( 0.0 0.0 0.0 1.0 0.0 )
( 0.0 0.0 0.0 0.0 1.0 )))
((( 1.0 0.0 0.0 0.0 0.0 )
( 0.0 1.0 0.0 0.0 0.0 )
( 0.0 0.0 1.0 0.0 0.0 ))
(( 0.0 1.0 0.0 0.0 0.0 )
( 0.0 0.0 1.0 0.0 0.0 )
( 0.0 0.0 0.0 1.0 0.0 ))
(( 0.0 0.0 1.0 0.0 0.0 )
( 0.0 0.0 0.0 1.0 0.0 )
( 0.0 0.0 0.0 0.0 1.0 )))
((( 1.0 0.0 0.0 0.0 0.0 )
( 0.0 1.0 0.0 0.0 0.0 )
( 0.0 0.0 1.0 0.0 0.0 ))
(( 0.0 1.0 0.0 0.0 0.0 )
( 0.0 0.0 1.0 0.0 0.0 )
( 0.0 0.0 0.0 1.0 0.0 ))
(( 0.0 0.0 1.0 0.0 0.0 )
( 0.0 0.0 0.0 1.0 0.0 )
( 0.0 0.0 0.0 0.0 1.0 ))));
}

potential (Contact_Frequency)
{
 data = ( 0.0 0.0 1.0 );
}

potential (Probabiltiy_of_action)
{
 data = ( 0.0 1.0 0.0 );
}

potential (Threat_Capability)
{
 data = ( 0.0 0.0 1.0 );
}

potential (Resistance)
{
 data = ( 0.0 0.0 1.0 );
}